5000,0.1791759469228055
10000,0.06931471805599453
15000,0.23937458713910229
20000,0.06931471805599453
25000,0.1732867951399863
30000,0.03465735902799726
35000,0.06931471805599453
40000,0.10397207708399178
45000,0.0
50000,0.10397207708399178
55000,0.06931471805599453
60000,0.10397207708399178
65000,0.06931471805599453
70000,0.17328679513998632
75000,0.03465735902799726
80000,0.0
85000,0.10397207708399178
90000,0.08958797346140275
95000,0.15890269151739728
100000,0.10397207708399178
105000,0.4910921781747809
110000,0.20794415416798356
115000,0.06931471805599453
120000,0.10397207708399178
125000,0.06931471805599453
130000,0.19356005054539455
135000,0.20794415416798356
140000,0.12424533248940002
145000,0.10397207708399178
150000,0.15890269151739728
155000,0.13862943611198905
160000,0.3524627420627918
165000,0.15890269151739728
170000,0.2831480240067973
175000,0.10397207708399178
180000,0.20794415416798356
185000,0.45643481914678363
190000,0.17328679513998632
195000,0.24260151319598083
200000,0.13862943611198905
205000,0.13862943611198905
210000,0.40150420471337817
215000,0.3727359974682001
220000,0.3871201010907891
225000,0.12424533248940002
230000,0.1732867951399863
235000,0.20794415416798356
240000,0.17328679513998632
245000,0.3871201010907891
250000,0.6702681250975864
255000,0.13862943611198905
260000,0.19356005054539455
265000,0.06931471805599453
270000,0.06931471805599453
275000,0.06931471805599453
280000,0.0
285000,0.03465735902799726
290000,0.06931471805599453
295000,0.0
300000,0.0
305000,0.0
310000,0.0
315000,0.0
320000,0.0
325000,0.1732867951399863
330000,0.13862943611198905
335000,0.03465735902799726
340000,0.0
345000,0.0
350000,0.0
355000,0.03465735902799726
360000,0.0
365000,0.06931471805599453
370000,0.03465735902799726
375000,0.12424533248940002
380000,0.12424533248940002
385000,0.19356005054539455
390000,0.10397207708399178
395000,0.06931471805599453
400000,0.10397207708399178
405000,0.19356005054539455
410000,0.13862943611198905
415000,0.12424533248940002
420000,0.03465735902799726
425000,0.20794415416798356
430000,0.10397207708399178
435000,0.06931471805599453
440000,0.13862943611198905
445000,0.03465735902799726
450000,0.06931471805599453
455000,0.03465735902799726
460000,0.0
465000,0.03465735902799726
470000,0.10397207708399178
475000,0.06931471805599453
480000,0.10397207708399178
485000,0.10397207708399178
490000,0.03465735902799726
495000,0.03465735902799726
500000,0.0
505000,0.0
510000,0.03465735902799726
515000,0.0
520000,0.0
525000,0.03465735902799726
530000,0.0
535000,0.0
540000,0.0
545000,0.0
550000,0.0
555000,0.03465735902799726
560000,0.0
565000,0.03465735902799726
570000,0.0
575000,0.08958797346140275
580000,0.03465735902799726
585000,0.0
590000,0.0
595000,0.06931471805599453
600000,0.0
605000,0.10397207708399178
610000,0.1732867951399863
615000,0.0
620000,0.0
625000,0.08958797346140275
630000,0.0
635000,0.03465735902799726
640000,0.0
645000,0.10397207708399178
650000,0.0
655000,0.0
660000,0.03465735902799726
665000,0.0
670000,0.0
675000,0.03465735902799726
680000,0.03465735902799726
685000,0.0
690000,0.0
695000,0.0
700000,0.03465735902799726
705000,0.0
710000,0.03465735902799726
715000,0.03465735902799726
720000,0.0
725000,0.0
730000,0.0
735000,0.0
740000,0.03465735902799726
745000,0.03465735902799726
750000,0.06931471805599453
755000,0.10397207708399178
760000,0.10397207708399178
765000,0.12424533248940002
770000,0.1732867951399863
775000,0.22821740957339182
780000,0.22821740957339182
785000,0.15890269151739728
790000,0.0
795000,0.13862943611198905
800000,0.15890269151739728
805000,0.13862943611198905
810000,0.22821740957339182
815000,0.10397207708399178
820000,0.06931471805599453
825000,0.10397207708399178
830000,0.0
835000,0.13862943611198905
840000,0.06931471805599453
845000,0.03465735902799726
850000,0.0
855000,0.06931471805599453
860000,0.10397207708399178
865000,0.22821740957339182
870000,0.0
875000,0.22821740957339182
880000,0.03465735902799726
885000,0.22821740957339182
890000,0.19356005054539455
895000,0.06931471805599453
900000,0.13862943611198905
905000,0.20794415416798356
910000,0.03465735902799726
915000,0.03465735902799726
920000,0.13862943611198905
925000,0.13862943611198905
930000,0.08958797346140275
935000,0.03465735902799726
940000,0.22821740957339182
945000,0.0
950000,0.10397207708399178
955000,0.03465735902799726
960000,0.2628747686013891
965000,0.13862943611198905
970000,0.06931471805599453
975000,0.10397207708399178
980000,0.10397207708399178
985000,0.03465735902799726
990000,0.06931471805599453
995000,0.0
1000000,0.06931471805599453
1005000,0.06931471805599453
1010000,0.06931471805599453
1015000,0.03465735902799726
1020000,0.06931471805599453
1025000,0.03465735902799726
1030000,0.06931471805599453
1035000,0.03465735902799726
1040000,0.03465735902799726
1045000,0.1732867951399863
1050000,0.06931471805599453
1055000,0.06931471805599453
1060000,0.06931471805599453
1065000,0.21383330595080277
1070000,0.06931471805599453
1075000,0.06931471805599453
1080000,0.10397207708399178
1085000,0.17328679513998632
1090000,0.0
1095000,0.06931471805599453
1100000,0.06931471805599453
1105000,0.06931471805599453
1110000,0.0
1115000,0.08958797346140275
1120000,0.06931471805599453
1125000,0.06931471805599453
1130000,0.03465735902799726
1135000,0.0
1140000,0.03465735902799726
1145000,0.03465735902799726
1150000,0.03465735902799726
1155000,0.03465735902799726
1160000,0.03465735902799726
1165000,0.03465735902799726
1170000,0.06931471805599453
1175000,0.0
1180000,0.0
1185000,0.0
1190000,0.06931471805599453
1195000,0.0
1200000,0.0
1205000,0.03465735902799726
1210000,0.03465735902799726
1215000,0.03465735902799726
1220000,0.03465735902799726
1225000,0.06931471805599453
1230000,0.03465735902799726
1235000,0.0
1240000,0.0
1245000,0.06931471805599453
1250000,0.0
1255000,0.03465735902799726
1260000,0.03465735902799726
1265000,0.03465735902799726
1270000,0.0
1275000,0.0
1280000,0.06931471805599453
1285000,0.0
1290000,0.03465735902799726
1295000,0.0
1300000,0.03465735902799726
1305000,0.06931471805599453
1310000,0.03465735902799726
1315000,0.0
1320000,0.03465735902799726
1325000,0.03465735902799726
1330000,0.03465735902799726
1335000,0.03465735902799726
1340000,0.12424533248940002
1345000,0.03465735902799726
1350000,0.12424533248940002
1355000,0.06931471805599453
1360000,0.03465735902799726
1365000,0.0
1370000,0.0
1375000,0.03465735902799726
1380000,0.10397207708399178
1385000,0.12424533248940002
1390000,0.0
1395000,0.0
1400000,0.03465735902799726
1405000,0.03465735902799726
1410000,0.06931471805599453
1415000,0.10397207708399178
1420000,0.31780538303479455
1425000,0.10397207708399178
1430000,0.2628747686013891
1435000,0.10397207708399178
1440000,0.15890269151739728
1445000,0.06931471805599453
1450000,0.06931471805599453
1455000,0.06931471805599453
1460000,0.0
1465000,0.03465735902799726
1470000,0.10397207708399178
1475000,0.0
1480000,0.03465735902799726
1485000,0.06931471805599453
1490000,0.06931471805599453
1495000,0.19356005054539455
1500000,0.03465735902799726
1505000,0.10397207708399178
1510000,0.1732867951399863
1515000,0.0
1520000,0.06931471805599453
1525000,0.10397207708399178
1530000,0.06931471805599453
1535000,0.5302301451372625
1540000,0.13862943611198905
1545000,0.19356005054539455
1550000,0.13862943611198905
1555000,0.08958797346140275
1560000,0.06931471805599453
1565000,0.10397207708399178
1570000,0.13862943611198905
1575000,0.24849066497880004
1580000,0.17328679513998632
1585000,0.12424533248940002
1590000,0.7507400207192914
1595000,0.0
1600000,0.2831480240067973
1605000,0.20794415416798356
1610000,0.06931471805599453
1615000,0.1791759469228055
1620000,0.22821740957339182
1625000,0.22821740957339182
1630000,0.20794415416798356
1635000,0.22821740957339182
1640000,0.22821740957339182
1645000,0.3668468456853809
1650000,0.10397207708399178
1655000,0.2628747686013891
1660000,0.29753212762938636
1665000,0.19356005054539455
1670000,0.15890269151739728
1675000,0.1732867951399863
1680000,0.17328679513998632
1685000,0.13862943611198905
1690000,0.20794415416798356
1695000,0.31780538303479455
1700000,0.3871201010907891
1705000,0.06931471805599453
1710000,0.15890269151739728
1715000,0.22821740957339182
1720000,0.12424533248940002
1725000,0.15890269151739728
1730000,0.1732867951399863
1735000,0.31780538303479455
1740000,0.15890269151739728
1745000,0.13862943611198905
1750000,0.15890269151739728
1755000,0.29753212762938636
1760000,0.10397207708399178
1765000,0.26876392038420827
1770000,0.10397207708399178
1775000,0.06931471805599453
1780000,0.2628747686013891
1785000,0.19356005054539455
1790000,0.0
1795000,0.06931471805599453
1800000,0.10397207708399178
1805000,0.12424533248940002
1810000,0.06931471805599453
1815000,0.13862943611198905
1820000,0.06931471805599453
1825000,0.1732867951399863
1830000,0.3524627420627918
1835000,0.10397207708399178
1840000,0.19356005054539455
1845000,0.03465735902799726
1850000,0.03465735902799726
1855000,0.22821740957339182
1860000,0.06931471805599453
1865000,0.13862943611198905
1870000,0.03465735902799726
1875000,0.17328679513998632
1880000,0.03465735902799726
1885000,0.03465735902799726
1890000,0.2740319461670996
1895000,0.22821740957339182
1900000,0.2628747686013891
1905000,0.06931471805599453
1910000,0.21383330595080277
1915000,0.2628747686013891
1920000,0.22821740957339182
1925000,0.3871201010907891
1930000,0.19356005054539455
1935000,0.40739335649619735
1940000,0.15890269151739728
1945000,0.3871201010907891
1950000,0.22821740957339182
1955000,0.2628747686013891
1960000,0.22821740957339182
1965000,0.19356005054539455
1970000,0.10397207708399178
1975000,0.1732867951399863
1980000,0.2628747686013891
1985000,0.43293463768449686
1990000,0.19356005054539455
1995000,0.22821740957339182
2000000,0.1732867951399863
2005000,0.17328679513998632
2010000,0.17328679513998632
2015000,0.13862943611198905
2020000,0.5316386889855973
2025000,0.06931471805599453
2030000,0.2628747686013891
2035000,0.2831480240067973
2040000,0.19356005054539455
2045000,0.15890269151739728
2050000,0.13862943611198905
2055000,0.1732867951399863
2060000,0.3727359974682
2065000,0.19356005054539455
2070000,0.4623239709296028
2075000,0.6009534070415918
2080000,0.21383330595080277
2085000,0.22821740957339182
2090000,0.10397207708399178
2095000,0.6121105846073023
2100000,0.3380786384402028
2105000,0.20794415416798356
2110000,0.10397207708399178
2115000,0.37273599746819996
2120000,0.19356005054539455
2125000,0.2628747686013891
2130000,0.3321894866573836
2135000,0.2831480240067973
2140000,1.142340729744565
2145000,0.29753212762938636
2150000,0.24849066497879999
2155000,0.15890269151739728
2160000,0.13862943611198905
2165000,0.13862943611198905
2170000,0.3380786384402028
2175000,0.9834380382271677
2180000,0.21383330595080277
2185000,0.0
2190000,0.22821740957339182
2195000,0.7787208101160625
2200000,1.0484021874336804
2205000,0.03465735902799726
2210000,0.7237901956826571
2215000,0.4420507155241945
2220000,0.3871201010907891
2225000,0.22821740957339182
2230000,0.3524627420627918
2235000,0.21383330595080277
2240000,0.10397207708399178
2245000,0.03465735902799726
2250000,0.8133781691440598
2255000,0.10397207708399178
2260000,0.6467679436352995
2265000,0.1732867951399863
2270000,0.2628747686013891
2275000,0.1732867951399863
2280000,0.10397207708399178
2285000,0.17328679513998632
2290000,0.6121105846073023
2295000,0.15890269151739728
2300000,0.10397207708399178
2305000,0.3433466642230941
2310000,0.10397207708399178
2315000,0.0
2320000,0.37800402325109134
2325000,0.22821740957339182
2330000,0.10397207708399178
2335000,0.06931471805599453
2340000,0.06931471805599453
2345000,0.06931471805599453
2350000,0.31780538303479455
2355000,0.06931471805599453
2360000,0.10397207708399178
2365000,0.15890269151739728
2370000,0.19356005054539455
2375000,0.06931471805599453
2380000,0.03465735902799726
2385000,0.15890269151739728
2390000,0.19356005054539455
2395000,0.24849066497880004
2400000,0.22821740957339182
2405000,0.19356005054539455
2410000,0.3780040232510914
2415000,0.22821740957339182
2420000,0.31780538303479455
2425000,0.22821740957339182
2430000,0.10397207708399178
2435000,0.2831480240067973
2440000,0.19356005054539455
2445000,0.10397207708399178
2450000,0.6029945067676046
2455000,0.3321894866573836
2460000,0.22821740957339182
2465000,0.1732867951399863
2470000,0.22821740957339182
2475000,0.22821740957339182
2480000,0.19356005054539455
2485000,0.4767080745521918
2490000,0.43293463768449686
2495000,0.17328679513998632
2500000,0.10397207708399178
2505000,0.10397207708399178
2510000,0.3636199196285023
2515000,0.10397207708399178
2520000,0.12424533248940002
2525000,0.24849066497880004
2530000,0.10397207708399178
2535000,0.10397207708399178
2540000,0.1732867951399863
2545000,0.37273599746819996
2550000,0.19356005054539455
2555000,0.3871201010907891
2560000,0.06931471805599453
2565000,0.10397207708399178
2570000,0.10397207708399178
2575000,0.2831480240067973
2580000,0.30342127941220554
2585000,0.10397207708399178
2590000,0.13862943611198905
2595000,0.13862943611198905
2600000,0.13862943611198905
2605000,0.06931471805599453
2610000,0.15890269151739728
2615000,0.13862943611198905
2620000,0.22821740957339182
2625000,0.19356005054539455
2630000,0.2628747686013891
2635000,0.21383330595080277
2640000,0.13862943611198905
2645000,0.06931471805599453
2650000,0.06931471805599453
2655000,0.13862943611198905
2660000,0.2628747686013891
2665000,0.13862943611198905
2670000,0.19356005054539455
2675000,0.10397207708399178
2680000,0.20794415416798356
2685000,0.15890269151739728
2690000,0.13862943611198905
2695000,0.24849066497879999
2700000,0.06931471805599453
2705000,0.20794415416798356
2710000,0.03465735902799726
2715000,0.24849066497880004
2720000,0.10397207708399178
2725000,0.19356005054539455
2730000,0.06931471805599453
2735000,0.13862943611198905
2740000,0.1732867951399863
2745000,0.15890269151739728
2750000,0.21383330595080277
2755000,0.15890269151739728
2760000,0.06931471805599453
2765000,0.13862943611198905
2770000,0.15890269151739728
2775000,0.15890269151739728
2780000,0.10397207708399178
2785000,0.10397207708399178
2790000,0.19356005054539455
2795000,0.1732867951399863
2800000,0.06931471805599453
2805000,0.13862943611198905
2810000,0.24849066497880004
2815000,0.0
2820000,0.17328679513998632
2825000,0.13862943611198905
2830000,0.13862943611198905
2835000,0.10397207708399178
2840000,0.03465735902799726
2845000,0.03465735902799726
2850000,0.12424533248940002
2855000,0.0
2860000,0.06931471805599453
2865000,0.19356005054539455
2870000,0.10397207708399178
2875000,0.10397207708399178
2880000,0.06931471805599453
2885000,0.13862943611198905
2890000,0.10397207708399178
2895000,0.03465735902799726
2900000,0.03465735902799726
2905000,0.10397207708399178
2910000,0.13862943611198905
2915000,0.03465735902799726
2920000,0.10397207708399178
2925000,0.24849066497880004
2930000,0.06931471805599453
2935000,0.06931471805599453
2940000,0.10397207708399178
2945000,0.06931471805599453
2950000,0.10397207708399178
2955000,0.10397207708399178
2960000,0.10397207708399178
2965000,0.06931471805599453
2970000,0.15890269151739728
2975000,0.03465735902799726
2980000,0.10397207708399178
2985000,0.10397207708399178
2990000,0.0
2995000,0.0
3000000,0.06931471805599453
3005000,0.03465735902799726
3010000,0.0
3015000,0.10397207708399178
3020000,0.03465735902799726
3025000,0.2831480240067973
3030000,0.1732867951399863
3035000,0.12424533248940002
3040000,0.08958797346140275
3045000,0.1732867951399863
3050000,0.10397207708399178
3055000,0.06931471805599453
3060000,0.03465735902799726
3065000,0.10397207708399178
3070000,0.03465735902799726
3075000,0.03465735902799726
3080000,0.1732867951399863
3085000,0.1732867951399863
3090000,0.06931471805599453
3095000,0.22821740957339182
3100000,0.10397207708399178
3105000,0.19356005054539455
3110000,0.10397207708399178
3115000,0.03465735902799726
3120000,0.03465735902799726
3125000,0.03465735902799726
3130000,0.22821740957339182
3135000,0.03465735902799726
3140000,0.06931471805599453
3145000,0.13862943611198905
3150000,0.24849066497880004
3155000,0.06931471805599453
3160000,0.10397207708399178
3165000,0.06931471805599453
3170000,0.10397207708399178
3175000,0.19356005054539455
3180000,0.06931471805599453
3185000,0.06931471805599453
3190000,0.06931471805599453
3195000,0.06931471805599453
3200000,0.03465735902799726
3205000,0.06931471805599453
3210000,0.03465735902799726
3215000,0.03465735902799726
3220000,0.06931471805599453
3225000,0.06931471805599453
3230000,0.08958797346140275
3235000,0.13862943611198905
3240000,0.13862943611198905
3245000,0.19356005054539455
3250000,0.15890269151739728
3255000,0.20794415416798356
3260000,0.2628747686013891
3265000,0.3524627420627918
3270000,0.3524627420627918
3275000,0.13862943611198905
3280000,0.3668468456853809
3285000,0.06931471805599453
3290000,0.06931471805599453
3295000,0.3321894866573836
3300000,0.29753212762938636
3305000,0.19356005054539455
3310000,0.19356005054539455
3315000,0.2628747686013891
3320000,0.22821740957339182
3325000,0.5022493557404915
3330000,0.06931471805599453
3335000,0.45643481914678363
3340000,0.10397207708399178
3345000,0.3524627420627918
3350000,0.42177746011878636
3355000,0.5519119443910055
3360000,0.19356005054539455
3365000,0.2831480240067973
3370000,0.24849066497880004
3375000,0.40739335649619723
3380000,0.2628747686013891
3385000,0.42177746011878636
3390000,0.19356005054539455
3395000,0.29753212762938636
3400000,0.46759199671249413
3405000,0.45643481914678363
3410000,0.29753212762938636
3415000,0.40150420471337817
3420000,0.42177746011878636
3425000,0.5369067147684886
3430000,0.29753212762938636
3435000,0.40150420471337817
3440000,0.29753212762938636
3445000,0.19356005054539455
3450000,0.3321894866573836
3455000,0.20794415416798356
3460000,0.13862943611198905
3465000,0.43293463768449686
3470000,0.22821740957339182
3475000,0.15890269151739728
3480000,0.1732867951399863
3485000,0.17328679513998632
3490000,0.13862943611198905
3495000,0.13862943611198905
3500000,0.22821740957339182
3505000,0.1732867951399863
3510000,0.29753212762938636
3515000,0.29753212762938636
3520000,0.19356005054539455
3525000,0.22821740957339182
3530000,0.06931471805599453
3535000,0.20794415416798356
3540000,0.29753212762938636
3545000,0.31780538303479455
3550000,0.29753212762938636
3555000,0.1791759469228055
3560000,0.3524627420627918
3565000,0.40739335649619723
3570000,0.2628747686013891
3575000,0.19356005054539455
3580000,0.4623239709296028
3585000,0.03465735902799726
3590000,0.24849066497880004
3595000,0.29753212762938636
3600000,0.22821740957339182
3605000,0.40150420471337817
3610000,0.3321894866573836
3615000,0.1732867951399863
3620000,0.0
3625000,0.2831480240067973
3630000,0.15890269151739728
3635000,0.1732867951399863
3640000,0.06931471805599453
3645000,0.5865693034190027
3650000,0.06931471805599453
3655000,0.22821740957339182
3660000,0.20794415416798356
3665000,0.20794415416798356
3670000,0.13862943611198905
3675000,0.2628747686013891
3680000,0.31780538303479455
3685000,0.06931471805599453
3690000,0.06931471805599453
3695000,0.06931471805599453
3700000,0.06931471805599453
3705000,0.12424533248940002
3710000,0.10397207708399178
3715000,0.22821740957339182
3720000,0.1791759469228055
3725000,0.19356005054539455
3730000,0.13862943611198905
3735000,0.1732867951399863
3740000,0.06931471805599453
3745000,0.29753212762938636
3750000,0.15890269151739728
3755000,0.03465735902799726
3760000,0.06931471805599453
3765000,0.15890269151739728
3770000,0.10397207708399178
3775000,0.10397207708399178
3780000,0.0
3785000,0.06931471805599453
3790000,0.13862943611198905
3795000,0.2628747686013891
3800000,0.12424533248940002
3805000,0.06931471805599453
3810000,0.4623239709296028
3815000,0.06931471805599453
3820000,0.13862943611198905
3825000,0.03465735902799726
3830000,0.13862943611198905
3835000,0.12424533248940002
3840000,0.06931471805599453
3845000,0.13862943611198905
3850000,0.2831480240067973
3855000,0.22821740957339182
3860000,0.06931471805599453
3865000,0.20794415416798356
3870000,0.2628747686013891
3875000,0.15890269151739728
3880000,0.06931471805599453
3885000,0.06931471805599453
3890000,0.06931471805599453
3895000,0.2831480240067973
3900000,0.10397207708399178
3905000,0.22821740957339182
3910000,0.06931471805599453
3915000,0.08958797346140275
3920000,0.22821740957339182
3925000,0.13862943611198905
3930000,0.2628747686013891
3935000,0.10397207708399178
3940000,0.31780538303479455
3945000,0.03465735902799726
3950000,0.24260151319598083
3955000,0.13862943611198905
3960000,0.1732867951399863
3965000,0.19356005054539455
3970000,0.03465735902799726
3975000,0.06931471805599453
3980000,0.06931471805599453
3985000,0.03465735902799726
3990000,0.15890269151739728
3995000,0.15890269151739728
4000000,0.08958797346140275
4005000,0.06931471805599453
4010000,0.03465735902799726
4015000,0.06931471805599453
4020000,0.0
4025000,0.19356005054539455
4030000,0.06931471805599453
4035000,0.06931471805599453
4040000,0.10397207708399178
4045000,0.15890269151739728
4050000,0.19356005054539455
4055000,0.08958797346140275
4060000,0.12424533248940002
4065000,0.0
4070000,0.03465735902799726
4075000,0.10397207708399178
4080000,0.15890269151739728
4085000,0.0
4090000,0.03465735902799726
4095000,0.06931471805599453
4100000,0.06931471805599453
4105000,0.15890269151739728
4110000,0.06931471805599453
4115000,0.06931471805599453
4120000,0.06931471805599453
4125000,0.0
4130000,0.08958797346140275
4135000,0.06931471805599453
4140000,0.08958797346140275
4145000,0.0
4150000,0.0
4155000,0.03465735902799726
4160000,0.06931471805599453
4165000,0.0
4170000,0.06931471805599453
4175000,0.03465735902799726
4180000,0.0
4185000,0.03465735902799726
4190000,0.03465735902799726
4195000,0.06931471805599453
4200000,0.0
4205000,0.0
4210000,0.06931471805599453
4215000,0.0
4220000,0.0
4225000,0.06931471805599453
4230000,0.0
4235000,0.03465735902799726
4240000,0.0
4245000,0.13862943611198905
4250000,0.10397207708399178
4255000,0.03465735902799726
4260000,0.03465735902799726
4265000,0.06931471805599453
4270000,0.03465735902799726
4275000,0.03465735902799726
4280000,0.03465735902799726
4285000,0.03465735902799726
4290000,0.03465735902799726
4295000,0.10397207708399178
4300000,0.03465735902799726
4305000,0.10397207708399178
4310000,0.13862943611198905
4315000,0.10397207708399178
4320000,0.12424533248940002
4325000,0.0
4330000,0.10397207708399178
4335000,0.10397207708399178
4340000,0.0
4345000,0.06931471805599453
4350000,0.15890269151739728
4355000,0.06931471805599453
4360000,0.06931471805599453
4365000,0.03465735902799726
4370000,0.03465735902799726
4375000,0.03465735902799726
4380000,0.03465735902799726
4385000,0.03465735902799726
4390000,0.0
4395000,0.03465735902799726
4400000,0.06931471805599453
4405000,0.0
4410000,0.0
4415000,0.03465735902799726
4420000,0.03465735902799726
4425000,0.0
4430000,0.06931471805599453
4435000,0.03465735902799726
4440000,0.03465735902799726
4445000,0.06931471805599453
4450000,0.06931471805599453
4455000,0.03465735902799726
4460000,0.15890269151739728
4465000,0.03465735902799726
4470000,0.12424533248940002
4475000,0.03465735902799726
4480000,0.06931471805599453
4485000,0.03465735902799726
4490000,0.03465735902799726
4495000,0.0
4500000,0.06931471805599453
4505000,0.03465735902799726
4510000,0.10397207708399178
4515000,0.0
4520000,0.03465735902799726
4525000,0.03465735902799726
4530000,0.03465735902799726
4535000,0.0
4540000,0.12424533248940002
4545000,0.03465735902799726
4550000,0.0
4555000,0.03465735902799726
4560000,0.03465735902799726
4565000,0.0
4570000,0.10397207708399178
4575000,0.06931471805599453
4580000,0.06931471805599453
4585000,0.0
4590000,0.0
4595000,0.06931471805599453
4600000,0.0
4605000,0.10397207708399178
4610000,0.03465735902799726
4615000,0.06931471805599453
4620000,0.0
4625000,0.03465735902799726
4630000,0.0
4635000,0.03465735902799726
4640000,0.0
4645000,0.06931471805599453
4650000,0.06931471805599453
4655000,0.03465735902799726
4660000,0.0
4665000,0.0
4670000,0.0
4675000,0.06931471805599453
4680000,0.0
4685000,0.03465735902799726
4690000,0.0
4695000,0.0
4700000,0.03465735902799726
4705000,0.10397207708399178
4710000,0.0
4715000,0.06931471805599453
4720000,0.0
4725000,0.03465735902799726
4730000,0.0
4735000,0.03465735902799726
4740000,0.03465735902799726
4745000,0.0
4750000,0.03465735902799726
4755000,0.12424533248940002
4760000,0.0
4765000,0.03465735902799726
4770000,0.0
4775000,0.03465735902799726
4780000,0.0
4785000,0.03465735902799726
4790000,0.03465735902799726
4795000,0.0
4800000,0.0
4805000,0.0
4810000,0.0
4815000,0.0
4820000,0.03465735902799726
4825000,0.13862943611198905
4830000,0.0
4835000,0.0
4840000,0.0
4845000,0.03465735902799726
4850000,0.06931471805599453
4855000,0.03465735902799726
4860000,0.08958797346140275
4865000,0.03465735902799726
4870000,0.0
4875000,0.06931471805599453
4880000,0.21383330595080277
4885000,0.03465735902799726
4890000,0.0
4895000,0.03465735902799726
4900000,0.06931471805599453
4905000,0.0
4910000,0.03465735902799726
4915000,0.03465735902799726
4920000,0.0
4925000,0.03465735902799726
4930000,0.03465735902799726
4935000,0.03465735902799726
4940000,0.03465735902799726
4945000,0.03465735902799726
4950000,0.06931471805599453
4955000,0.0
4960000,0.0
4965000,0.0
4970000,0.0
4975000,0.03465735902799726
4980000,0.0
4985000,0.0
4990000,0.0
4995000,0.0
5000000,0.0
5005000,0.03465735902799726
5010000,0.0
5015000,0.03465735902799726
5020000,0.0
5025000,0.0
5030000,0.03465735902799726
5035000,0.0
5040000,0.0
5045000,0.0
5050000,0.0
5055000,0.0
5060000,0.0
5065000,0.03465735902799726
5070000,0.0
5075000,0.0
5080000,0.0
5085000,0.0
5090000,0.0
5095000,0.03465735902799726
5100000,0.0
5105000,0.0
5110000,0.0
5115000,0.03465735902799726
5120000,0.03465735902799726
5125000,0.03465735902799726
5130000,0.0
5135000,0.0
5140000,0.0
5145000,0.0
5150000,0.10397207708399178
5155000,0.06931471805599453
5160000,0.0
5165000,0.03465735902799726
5170000,0.0
5175000,0.10397207708399178
5180000,0.03465735902799726
5185000,0.03465735902799726
5190000,0.06931471805599453
5195000,0.06931471805599453
5200000,0.0
5205000,0.0
5210000,0.03465735902799726
5215000,0.0
5220000,0.03465735902799726
5225000,0.0
5230000,0.0
5235000,0.0
5240000,0.0
5245000,0.0
5250000,0.06931471805599453
5255000,0.03465735902799726
5260000,0.03465735902799726
5265000,0.06931471805599453
5270000,0.03465735902799726
5275000,0.06931471805599453
5280000,0.0
5285000,0.03465735902799726
5290000,0.03465735902799726
5295000,0.0
5300000,0.0
5305000,0.0
5310000,0.03465735902799726
5315000,0.03465735902799726
5320000,0.0
5325000,0.0
5330000,0.0
5335000,0.0
5340000,0.06931471805599453
5345000,0.06931471805599453
5350000,0.0
5355000,0.03465735902799726
5360000,0.03465735902799726
5365000,0.0
5370000,0.06931471805599453
5375000,0.0
5380000,0.0
5385000,0.03465735902799726
5390000,0.03465735902799726
5395000,0.0
5400000,0.0
5405000,0.03465735902799726
5410000,0.0
5415000,0.0
5420000,0.0
5425000,0.0
5430000,0.0
5435000,0.0
5440000,0.03465735902799726
5445000,0.0
5450000,0.03465735902799726
5455000,0.0
5460000,0.06931471805599453
5465000,0.0
5470000,0.03465735902799726
5475000,0.0
5480000,0.0
5485000,0.0
5490000,0.08958797346140275
5495000,0.0
5500000,0.0
5505000,0.03465735902799726
5510000,0.06931471805599453
5515000,0.0
5520000,0.03465735902799726
5525000,0.12424533248940002
5530000,0.06931471805599453
5535000,0.03465735902799726
5540000,0.0
5545000,0.06931471805599453
5550000,0.15890269151739728
5555000,0.03465735902799726
5560000,0.0
5565000,0.0
5570000,0.06931471805599453
5575000,0.0
5580000,0.06931471805599453
5585000,0.03465735902799726
5590000,0.03465735902799726
5595000,0.03465735902799726
5600000,0.03465735902799726
5605000,0.0
5610000,0.03465735902799726
5615000,0.12424533248940002
5620000,0.06931471805599453
5625000,0.03465735902799726
5630000,0.0
5635000,0.0
5640000,0.0
5645000,0.06931471805599453
5650000,0.06931471805599453
5655000,0.10397207708399178
5660000,0.19356005054539455
5665000,0.03465735902799726
5670000,0.0
5675000,0.0
5680000,0.0
5685000,0.13862943611198905
5690000,0.0
5695000,0.06931471805599453
5700000,0.22821740957339182
5705000,0.22821740957339182
5710000,0.12424533248940002
5715000,0.10397207708399178
5720000,0.03465735902799726
5725000,0.0
5730000,0.06931471805599453
5735000,0.0
5740000,0.0
5745000,0.10397207708399178
5750000,0.10397207708399178
5755000,0.2628747686013891
5760000,0.10397207708399178
5765000,0.15890269151739728
5770000,0.13862943611198905
5775000,0.06931471805599453
5780000,0.06931471805599453
5785000,0.06931471805599453
5790000,0.0
5795000,0.0
5800000,0.13862943611198905
5805000,0.06931471805599453
5810000,0.06931471805599453
5815000,0.10397207708399178
5820000,0.03465735902799726
5825000,0.0
5830000,0.10397207708399178
5835000,0.03465735902799726
5840000,0.19356005054539455
5845000,0.10397207708399178
5850000,0.0
5855000,0.17328679513998632
5860000,0.13862943611198905
5865000,0.03465735902799726
5870000,0.19356005054539455
5875000,0.03465735902799726
5880000,0.06931471805599453
5885000,0.10397207708399178
5890000,0.2831480240067973
5895000,0.10397207708399178
5900000,0.24849066497879999
5905000,0.15890269151739728
5910000,0.10397207708399178
5915000,0.03465735902799726
5920000,0.15890269151739728
5925000,0.10397207708399178
5930000,0.06931471805599453
5935000,0.12424533248940002
5940000,0.03465735902799726
5945000,0.06931471805599453
5950000,0.03465735902799726
5955000,0.10397207708399178
5960000,0.03465735902799726
5965000,0.03465735902799726
5970000,0.0
5975000,0.0
5980000,0.10397207708399178
5985000,0.0
5990000,0.19356005054539455
5995000,0.03465735902799726
6000000,0.1732867951399863
6005000,0.06931471805599453
6010000,0.10397207708399178
6015000,0.10397207708399178
6020000,0.22821740957339182
6025000,0.0
6030000,0.06931471805599453
6035000,0.06931471805599453
6040000,0.15890269151739728
6045000,0.13862943611198905
6050000,0.12424533248940002
6055000,0.06931471805599453
6060000,0.0
6065000,0.08958797346140275
6070000,0.0
6075000,0.0
6080000,0.0
6085000,0.03465735902799726
6090000,0.0
6095000,0.06931471805599453
6100000,0.19356005054539455
6105000,0.03465735902799726
6110000,0.29753212762938636
6115000,0.06931471805599453
6120000,0.0
6125000,0.12424533248940002
6130000,0.03465735902799726
6135000,0.0
6140000,0.06931471805599453
6145000,0.12424533248940002
6150000,0.0
6155000,0.03465735902799726
6160000,0.03465735902799726
6165000,0.12424533248940002
6170000,0.0
6175000,0.06931471805599453
6180000,0.10397207708399178
6185000,0.22821740957339182
6190000,0.03465735902799726
6195000,0.13862943611198905
6200000,0.03465735902799726
6205000,0.03465735902799726
6210000,0.06931471805599453
6215000,0.06931471805599453
6220000,0.03465735902799726
6225000,0.06931471805599453
6230000,0.24849066497880004
6235000,0.12424533248940002
6240000,0.10397207708399178
6245000,0.03465735902799726
6250000,0.2628747686013891
6255000,0.03465735902799726
6260000,0.13862943611198905
6265000,0.03465735902799726
6270000,0.13862943611198905
6275000,0.10397207708399178
6280000,0.17328679513998632
6285000,0.06931471805599453
6290000,0.06931471805599453
6295000,0.06931471805599453
6300000,0.15890269151739728
6305000,0.03465735902799726
6310000,0.10397207708399178
6315000,0.0
6320000,0.10397207708399178
6325000,0.03465735902799726
6330000,0.06931471805599453
6335000,0.06931471805599453
6340000,0.0
6345000,0.06931471805599453
6350000,0.0
6355000,0.03465735902799726
6360000,0.0
6365000,0.03465735902799726
6370000,0.06931471805599453
6375000,0.0
6380000,0.03465735902799726
6385000,0.10397207708399178
6390000,0.03465735902799726
6395000,0.10397207708399178
6400000,0.08958797346140275
6405000,0.10397207708399178
6410000,0.13862943611198905
6415000,0.03465735902799726
6420000,0.10397207708399178
6425000,0.03465735902799726
6430000,0.03465735902799726
6435000,0.22821740957339182
6440000,0.13862943611198905
6445000,0.29753212762938636
6450000,0.31780538303479455
6455000,0.3321894866573836
6460000,0.10397207708399178
6465000,0.06931471805599453
6470000,0.13862943611198905
6475000,0.06931471805599453
6480000,0.10397207708399178
6485000,0.13862943611198905
6490000,0.12424533248940002
6495000,0.12424533248940002
6500000,0.1732867951399863
6505000,0.29753212762938636
6510000,0.15890269151739728
6515000,0.06931471805599453
6520000,0.15890269151739728
6525000,0.10397207708399178
6530000,0.21383330595080277
6535000,0.15890269151739728
6540000,0.10397207708399178
6545000,0.15890269151739728
6550000,0.06931471805599453
6555000,0.15890269151739728
6560000,0.13862943611198905
6565000,0.06931471805599453
6570000,0.31780538303479455
6575000,0.06931471805599453
6580000,0.10397207708399178
6585000,0.1732867951399863
6590000,0.19356005054539455
6595000,0.15890269151739728
6600000,0.03465735902799726
6605000,0.06931471805599453
6610000,0.03465735902799726
6615000,0.10397207708399178
6620000,0.2628747686013891
6625000,0.3524627420627918
6630000,0.2628747686013891
6635000,0.10397207708399178
6640000,0.19356005054539455
6645000,0.13862943611198905
6650000,0.10397207708399178
6655000,0.20794415416798356
6660000,0.06931471805599453
6665000,0.2628747686013891
6670000,0.19356005054539455
6675000,0.19356005054539455
6680000,0.22821740957339182
6685000,0.15890269151739728
6690000,0.13862943611198905
6695000,0.15890269151739728
6700000,0.12424533248940002
6705000,0.10397207708399178
6710000,0.20794415416798356
6715000,0.06931471805599453
6720000,0.13862943611198905
6725000,0.21383330595080277
6730000,0.15890269151739728
6735000,0.12424533248940002
6740000,0.10397207708399178
6745000,0.0
6750000,0.13862943611198905
6755000,0.17328679513998632
6760000,0.12424533248940002
6765000,0.24260151319598083
6770000,0.10397207708399178
6775000,0.21383330595080277
6780000,0.40739335649619735
6785000,0.13862943611198905
6790000,0.1732867951399863
6795000,0.06931471805599453
6800000,0.31780538303479455
6805000,0.3321894866573836
6810000,0.10397207708399178
6815000,0.15890269151739728
6820000,0.2628747686013891
6825000,0.03465735902799726
6830000,0.12424533248940002
6835000,0.06931471805599453
6840000,0.06931471805599453
6845000,0.24849066497880004
6850000,0.13862943611198905
6855000,0.20794415416798356
6860000,0.40150420471337805
6865000,0.06931471805599453
6870000,0.10397207708399178
6875000,0.03465735902799726
6880000,0.22821740957339182
6885000,0.10397207708399178
6890000,0.10397207708399178
6895000,0.20794415416798356
6900000,0.2831480240067973
6905000,0.1732867951399863
6910000,0.03465735902799726
6915000,0.22821740957339182
6920000,0.06931471805599453
6925000,0.06931471805599453
6930000,0.13862943611198905
6935000,0.2628747686013891
6940000,0.1732867951399863
6945000,0.10397207708399178
6950000,0.3524627420627918
6955000,0.22821740957339182
6960000,0.24260151319598083
6965000,0.12424533248940002
6970000,0.3524627420627918
6975000,0.22821740957339182
6980000,0.29753212762938636
6985000,0.10397207708399178
6990000,0.22821740957339182
6995000,0.24849066497880004
7000000,0.06931471805599453
7005000,0.3524627420627918
7010000,0.45643481914678363
7015000,0.37273599746819996
7020000,0.1732867951399863
7025000,0.15890269151739728
7030000,0.15890269151739728
7035000,0.06931471805599453
7040000,0.06931471805599453
7045000,0.10397207708399178
7050000,0.29753212762938636
7055000,0.10397207708399178
7060000,0.13862943611198905
7065000,0.22821740957339182
7070000,0.10397207708399178
7075000,0.06931471805599453
7080000,0.06931471805599453
7085000,0.13862943611198905
7090000,0.20794415416798356
7095000,0.22821740957339182
7100000,0.15890269151739728
7105000,0.19356005054539455
7110000,0.3321894866573836
7115000,0.31780538303479455
7120000,0.13862943611198905
7125000,0.10397207708399178
7130000,0.06931471805599453
7135000,0.10397207708399178
7140000,0.06931471805599453
7145000,0.10397207708399178
7150000,0.06931471805599453
7155000,0.03465735902799726
7160000,0.06931471805599453
7165000,0.06931471805599453
7170000,0.2628747686013891
7175000,0.03465735902799726
7180000,0.22821740957339182
7185000,0.06931471805599453
7190000,0.19356005054539455
7195000,0.12424533248940002
7200000,0.19356005054539455
7205000,0.2628747686013891
7210000,0.3524627420627918
7215000,0.03465735902799726
7220000,0.06931471805599453
7225000,0.10397207708399178
7230000,0.08958797346140275
7235000,0.10397207708399178
7240000,0.03465735902799726
7245000,0.0
7250000,0.13862943611198905
7255000,0.24849066497880004
7260000,0.10397207708399178
7265000,0.13862943611198905
7270000,0.19356005054539455
7275000,0.10397207708399178
7280000,0.03465735902799726
7285000,0.10397207708399178
7290000,0.2831480240067973
7295000,0.17328679513998632
7300000,0.03465735902799726
7305000,0.3727359974682001
7310000,0.45643481914678363
7315000,0.22821740957339182
7320000,0.06931471805599453
7325000,0.2628747686013891
7330000,0.12424533248940002
7335000,0.2628747686013891
7340000,0.2628747686013891
7345000,0.10397207708399178
7350000,0.08958797346140275
7355000,0.21383330595080277
7360000,0.19356005054539455
7365000,0.03465735902799726
7370000,0.2628747686013891
7375000,0.15890269151739728
7380000,0.10397207708399178
7385000,0.22821740957339182
7390000,0.4878652521179022
7395000,0.13862943611198905
7400000,0.13862943611198905
7405000,0.10397207708399178
7410000,0.0
7415000,0.06931471805599453
7420000,0.06931471805599453
7425000,0.2740319461670996
7430000,0.08958797346140275
7435000,0.1732867951399863
7440000,0.19356005054539455
7445000,0.10397207708399178
7450000,0.3321894866573836
7455000,0.3524627420627918
7460000,0.20794415416798356
7465000,0.2628747686013891
7470000,0.3668468456853809
7475000,0.10397207708399178
7480000,0.3524627420627918
7485000,0.29753212762938636
7490000,0.17328679513998632
7495000,0.19356005054539455
7500000,0.31780538303479455
7505000,0.03465735902799726
7510000,0.10397207708399178
7515000,0.2831480240067973
7520000,0.10397207708399178
7525000,0.29753212762938636
7530000,0.2831480240067973
7535000,0.15890269151739728
7540000,0.12424533248940002
7545000,0.10397207708399178
7550000,0.1732867951399863
7555000,0.30868930519509685
7560000,0.3321894866573836
7565000,0.22821740957339182
7570000,0.15890269151739728
7575000,0.24849066497880004
7580000,0.03465735902799726
7585000,0.10397207708399178
7590000,0.31780538303479455
7595000,0.10397207708399178
7600000,0.22821740957339182
7605000,0.13862943611198905
7610000,0.2831480240067973
7615000,0.13862943611198905
7620000,0.21383330595080277
7625000,0.08958797346140275
7630000,0.15890269151739728
7635000,0.20794415416798356
7640000,0.24849066497880004
7645000,0.15890269151739728
7650000,0.19356005054539455
7655000,0.4420507155241946
7660000,0.10397207708399178
7665000,0.10397207708399178
7670000,0.03465735902799726
7675000,0.03465735902799726
7680000,0.12424533248940002
7685000,0.06931471805599453
7690000,0.13862943611198905
7695000,0.3727359974682001
7700000,0.3871201010907891
7705000,0.5604068962307754
7710000,0.03465735902799726
7715000,0.19356005054539455
7720000,0.13862943611198905
7725000,0.2831480240067973
7730000,0.24260151319598083
7735000,0.22821740957339182
7740000,0.31780538303479455
7745000,0.29753212762938636
7750000,0.13862943611198905
7755000,0.13862943611198905
7760000,0.13862943611198905
7765000,0.1732867951399863
7770000,0.2628747686013891
7775000,0.3321894866573836
7780000,0.10397207708399178
7785000,0.19356005054539455
7790000,0.2628747686013891
7795000,0.42177746011878636
7800000,0.31780538303479455
7805000,0.06931471805599453
7810000,0.21383330595080277
7815000,0.4420507155241945
7820000,0.3524627420627918
7825000,0.2628747686013891
7830000,0.12424533248940002
7835000,0.06931471805599453
7840000,0.10397207708399178
7845000,0.42177746011878636
7850000,0.13862943611198905
7855000,0.19356005054539455
7860000,0.12424533248940002
7865000,0.13862943611198905
7870000,0.2831480240067973
7875000,0.2831480240067973
7880000,0.15890269151739728
7885000,0.29753212762938636
7890000,0.19356005054539455
7895000,0.30868930519509685
7900000,0.5806801516361836
7905000,0.20794415416798356
7910000,0.3871201010907891
7915000,0.5806801516361837
7920000,0.3727359974682001
7925000,0.31780538303479455
7930000,0.30868930519509685
7935000,0.22821740957339182
7940000,0.2628747686013891
7945000,0.1732867951399863
7950000,0.2628747686013891
7955000,0.10397207708399178
7960000,0.2772588722239781
7965000,0.10397207708399178
7970000,0.22821740957339182
7975000,0.2628747686013891
7980000,0.2628747686013891
7985000,0.06931471805599453
7990000,0.22821740957339182
7995000,0.2831480240067973
8000000,0.3321894866573836
8005000,0.1732867951399863
8010000,0.20794415416798356
8015000,0.10397207708399178
8020000,0.4910921781747809
8025000,0.2628747686013891
8030000,0.42177746011878636
8035000,0.20794415416798356
